# Blender 5.0.1
# www.blender.org
g Leg1.L_Cube.008
v 0.364176 0.689198 -0.276831
v 0.496047 0.885390 -0.261138
v 0.723800 0.509358 -0.229566
v 0.795137 0.615489 -0.221077
v 0.401343 0.682429 -0.504528
v 0.533214 0.878621 -0.488835
v 0.755635 0.503560 -0.424598
v 0.826971 0.609692 -0.416109
v 0.530234 0.582414 -0.241376
v 0.404304 0.803689 -0.257090
v 0.655036 0.768089 -0.226524
v 0.780382 0.546920 -0.207233
v 0.767754 0.470331 -0.321432
v 0.854607 0.599548 -0.311096
v 0.816733 0.540299 -0.429932
v 0.569045 0.575345 -0.479147
v 0.693847 0.761021 -0.464295
v 0.446743 0.795960 -0.517088
v 0.332516 0.688902 -0.398973
v 0.493285 0.928087 -0.379841
v 0.585315 0.676584 -0.189105
v 0.830699 0.521533 -0.312680
v 0.638766 0.666850 -0.516566
v 0.377006 0.833148 -0.395999
v 0.529213 0.548490 -0.362692
v 0.694867 0.794944 -0.342979
s 1
f 1 9 21 10
f 10 21 11 2
f 21 12 4 11
f 9 3 12 21
f 3 13 22 12
f 12 22 14 4
f 22 15 8 14
f 13 7 15 22
f 7 16 23 15
f 15 23 17 8
f 23 18 6 17
f 16 5 18 23
f 5 19 24 18
f 18 24 20 6
f 24 10 2 20
f 19 1 10 24
f 3 9 25 13
f 13 25 16 7
f 25 19 5 16
f 9 1 19 25
f 8 17 26 14
f 14 26 11 4
f 26 20 2 11
f 17 6 20 26
g Arm2.L_Cube.007
v 0.940898 0.385712 0.950463
v 0.917260 0.431856 1.079147
v 0.792209 0.065131 1.072436
v 0.779422 0.090092 1.142048
v 0.816966 0.425074 0.913585
v 0.793328 0.471217 1.042268
v 0.686056 0.098846 1.040847
v 0.673269 0.123807 1.110460
v 0.875819 0.219080 1.002269
v 0.947400 0.429682 1.010677
v 0.853448 0.262750 1.124055
v 0.783814 0.051530 1.116226
v 0.725800 0.042678 1.059489
v 0.710232 0.073069 1.144242
v 0.662602 0.090028 1.080157
v 0.746404 0.260183 0.963759
v 0.724033 0.303853 1.085544
v 0.805888 0.474628 0.968567
v 0.896245 0.436932 0.907506
v 0.867427 0.493187 1.064389
v 0.889042 0.233163 1.070426
v 0.709988 0.037919 1.107546
v 0.710810 0.289771 1.017388
v 0.896600 0.501757 0.975501
v 0.814772 0.232484 0.963082
v 0.785079 0.290449 1.124732
s 1
f 27 36 47 35
f 36 28 37 47
f 47 37 30 38
f 35 47 38 29
f 29 38 48 39
f 38 30 40 48
f 48 40 34 41
f 39 48 41 33
f 33 41 49 42
f 41 34 43 49
f 49 43 32 44
f 42 49 44 31
f 31 44 50 45
f 44 32 46 50
f 50 46 28 36
f 45 50 36 27
f 29 39 51 35
f 39 33 42 51
f 51 42 31 45
f 35 51 45 27
f 34 40 52 43
f 40 30 37 52
f 52 37 28 46
f 43 52 46 32
g Tail3_Cube.016
v -0.049192 0.727527 -2.388668
v -0.049192 0.828513 -2.388668
v -0.042135 0.750705 -2.716375
v -0.042135 0.805334 -2.716375
v 0.049192 0.727527 -2.388668
v 0.049192 0.828512 -2.388668
v 0.042135 0.750705 -2.716375
v 0.042135 0.805334 -2.716375
v -0.051368 0.730234 -2.552521
v -0.056170 0.778020 -2.365424
v -0.051368 0.825806 -2.552522
v -0.048112 0.778020 -2.739619
v -0.000000 0.744764 -2.752281
v -0.000000 0.811275 -2.752281
v 0.048112 0.778020 -2.739619
v 0.051368 0.730234 -2.552521
v 0.051368 0.825806 -2.552522
v 0.056170 0.778020 -2.365424
v -0.000000 0.716462 -2.352762
v -0.000000 0.839577 -2.352762
v -0.070745 0.778020 -2.552522
v -0.000000 0.778020 -2.771860
v 0.070745 0.778020 -2.552522
v -0.000000 0.778020 -2.316756
v -0.000000 0.714592 -2.552521
v -0.000000 0.841448 -2.552522
s 1
f 53 62 73 61
f 62 54 63 73
f 73 63 56 64
f 61 73 64 55
f 55 64 74 65
f 64 56 66 74
f 74 66 60 67
f 65 74 67 59
f 59 67 75 68
f 67 60 69 75
f 75 69 58 70
f 68 75 70 57
f 57 70 76 71
f 70 58 72 76
f 76 72 54 62
f 71 76 62 53
f 55 65 77 61
f 65 59 68 77
f 77 68 57 71
f 61 77 71 53
f 60 66 78 69
f 66 56 63 78
f 78 63 54 72
f 69 78 72 58
g Leg2.L_Cube.009
v 0.890317 0.347303 -0.318656
v 0.889244 0.440342 -0.421564
v 0.839685 0.094635 -0.589494
v 0.839105 0.144965 -0.645163
v 0.755972 0.357579 -0.307966
v 0.754899 0.450618 -0.410874
v 0.724612 0.103437 -0.580337
v 0.724032 0.153767 -0.636006
v 0.872885 0.212190 -0.445644
v 0.902200 0.412582 -0.353279
v 0.871870 0.300241 -0.543035
v 0.844666 0.099687 -0.635568
v 0.777747 0.063457 -0.606033
v 0.777040 0.124735 -0.673810
v 0.713270 0.109737 -0.625112
v 0.732597 0.222920 -0.434480
v 0.731581 0.310972 -0.531872
v 0.748797 0.424316 -0.341072
v 0.827727 0.372352 -0.274864
v 0.826419 0.485779 -0.400323
v 0.898837 0.254192 -0.496445
v 0.774959 0.077680 -0.654738
v 0.705629 0.268970 -0.481070
v 0.831550 0.459254 -0.310347
v 0.802907 0.203144 -0.424122
v 0.801560 0.320018 -0.553393
s 1
f 79 87 99 88
f 88 99 89 80
f 99 90 82 89
f 87 81 90 99
f 81 91 100 90
f 90 100 92 82
f 100 93 86 92
f 91 85 93 100
f 85 94 101 93
f 93 101 95 86
f 101 96 84 95
f 94 83 96 101
f 83 97 102 96
f 96 102 98 84
f 102 88 80 98
f 97 79 88 102
f 81 87 103 91
f 91 103 94 85
f 103 97 83 94
f 87 79 97 103
f 86 95 104 92
f 92 104 89 82
f 104 98 80 89
f 95 84 98 104
g Arm1.L_Cube.006
v 0.372158 0.631622 1.025283
v 0.453619 0.801278 1.018311
v 0.739647 0.499400 0.934004
v 0.783715 0.591177 0.930232
v 0.417523 0.617122 1.202472
v 0.498984 0.786778 1.195499
v 0.778504 0.486980 1.085773
v 0.822571 0.578757 1.082001
v 0.546107 0.551429 0.969983
v 0.385162 0.729545 1.016492
v 0.623202 0.711990 0.963384
v 0.783434 0.534103 0.914091
v 0.792143 0.464569 0.999080
v 0.845795 0.576308 0.994488
v 0.827803 0.519921 1.087390
v 0.593479 0.536288 1.155010
v 0.670573 0.696849 1.148411
v 0.436962 0.712988 1.218815
v 0.348055 0.624423 1.125860
v 0.447368 0.831256 1.117359
v 0.575720 0.634566 0.931786
v 0.839614 0.510275 0.990667
v 0.640961 0.613713 1.186608
v 0.359746 0.746531 1.132859
v 0.557175 0.517580 1.063576
v 0.659505 0.730699 1.054817
s 1
f 105 114 125 113
f 114 106 115 125
f 125 115 108 116
f 113 125 116 107
f 107 116 126 117
f 116 108 118 126
f 126 118 112 119
f 117 126 119 111
f 111 119 127 120
f 119 112 121 127
f 127 121 110 122
f 120 127 122 109
f 109 122 128 123
f 122 110 124 128
f 128 124 106 114
f 123 128 114 105
f 107 117 129 113
f 117 111 120 129
f 129 120 109 123
f 113 129 123 105
f 112 118 130 121
f 118 108 115 130
f 130 115 106 124
f 121 130 124 110
g Arm2.R_Cube.013
v -0.940897 0.385712 0.950464
v -0.917260 0.431856 1.079148
v -0.792208 0.065130 1.072436
v -0.779421 0.090092 1.142048
v -0.816965 0.425074 0.913585
v -0.793328 0.471217 1.042269
v -0.686055 0.098845 1.040847
v -0.673269 0.123807 1.110460
v -0.875818 0.219080 1.002270
v -0.947400 0.429682 1.010677
v -0.853448 0.262750 1.124055
v -0.783813 0.051530 1.116227
v -0.725799 0.042678 1.059489
v -0.710231 0.073069 1.144243
v -0.662602 0.090028 1.080157
v -0.746403 0.260183 0.963759
v -0.724033 0.303853 1.085544
v -0.805887 0.474628 0.968567
v -0.896244 0.436932 0.907507
v -0.867427 0.493188 1.064390
v -0.889041 0.233163 1.070426
v -0.709987 0.037919 1.107546
v -0.710809 0.289771 1.017388
v -0.896599 0.501757 0.975501
v -0.814772 0.232484 0.963082
v -0.785079 0.290449 1.124732
s 1
f 131 139 151 140
f 140 151 141 132
f 151 142 134 141
f 139 133 142 151
f 133 143 152 142
f 142 152 144 134
f 152 145 138 144
f 143 137 145 152
f 137 146 153 145
f 145 153 147 138
f 153 148 136 147
f 146 135 148 153
f 135 149 154 148
f 148 154 150 136
f 154 140 132 150
f 149 131 140 154
f 133 139 155 143
f 143 155 146 137
f 155 149 135 146
f 139 131 149 155
f 138 147 156 144
f 144 156 141 134
f 156 150 132 141
f 147 136 150 156
g Leg1.R_Cube.010
v -0.364177 0.689198 -0.276831
v -0.496048 0.885390 -0.261138
v -0.723801 0.509358 -0.229566
v -0.795137 0.615489 -0.221077
v -0.401343 0.682429 -0.504528
v -0.533214 0.878621 -0.488835
v -0.755635 0.503560 -0.424598
v -0.826972 0.609692 -0.416109
v -0.530234 0.582413 -0.241376
v -0.404304 0.803689 -0.257089
v -0.655036 0.768089 -0.226524
v -0.780383 0.546919 -0.207232
v -0.767755 0.470331 -0.321432
v -0.854607 0.599548 -0.311096
v -0.816733 0.540299 -0.429931
v -0.569045 0.575345 -0.479146
v -0.693847 0.761021 -0.464295
v -0.446743 0.795960 -0.517087
v -0.332516 0.688902 -0.398972
v -0.493285 0.928087 -0.379841
v -0.585315 0.676584 -0.189105
v -0.830699 0.521533 -0.312679
v -0.638766 0.666850 -0.516566
v -0.377007 0.833148 -0.395998
v -0.529214 0.548490 -0.362692
v -0.694868 0.794944 -0.342979
s 1
f 157 166 177 165
f 166 158 167 177
f 177 167 160 168
f 165 177 168 159
f 159 168 178 169
f 168 160 170 178
f 178 170 164 171
f 169 178 171 163
f 163 171 179 172
f 171 164 173 179
f 179 173 162 174
f 172 179 174 161
f 161 174 180 175
f 174 162 176 180
f 180 176 158 166
f 175 180 166 157
f 159 169 181 165
f 169 163 172 181
f 181 172 161 175
f 165 181 175 157
f 164 170 182 173
f 170 160 167 182
f 182 167 158 176
f 173 182 176 162
g Hand.L_Circle
v 0.732616 0.057318 1.032728
v 0.796560 0.037790 1.229525
v 0.836078 0.057318 1.107898
v 0.732616 0.039242 1.229525
v 0.816319 0.048421 1.168711
v 0.784347 0.058700 1.070313
v 0.732616 0.050436 1.141515
v 0.732617 -0.002112 1.032728
v 0.796560 -0.002112 1.229525
v 0.836079 -0.002112 1.107898
v 0.732616 -0.002112 1.229525
v 0.816319 -0.002112 1.168711
v 0.784347 -0.002112 1.070313
v 0.732616 0.001719 1.322551
v 0.744854 0.001719 1.322551
v 0.732616 -0.002112 1.322551
v 0.744854 -0.002112 1.322551
v 0.876655 0.000201 1.280114
v 0.865905 0.000175 1.281843
v 0.887406 0.000226 1.278384
v 0.876539 -0.002112 1.279279
v 0.865788 -0.002112 1.281008
v 0.887289 -0.002112 1.277549
v 0.668673 0.037790 1.229525
v 0.629154 0.057318 1.107898
v 0.648914 0.048421 1.168711
v 0.680885 0.058700 1.070313
v 0.668673 -0.002112 1.229525
v 0.629154 -0.002112 1.107898
v 0.648914 -0.002112 1.168711
v 0.680885 -0.002112 1.070313
v 0.720379 0.001719 1.322551
v 0.720379 -0.002112 1.322551
v 0.588578 0.000201 1.280114
v 0.599328 0.000175 1.281843
v 0.577827 0.000226 1.278384
v 0.588694 -0.002112 1.279279
v 0.599445 -0.002112 1.281008
v 0.577944 -0.002112 1.277549
v 0.732617 -0.002112 1.141515
s 1
f 184 187 189 186
f 188 189 187 185
f 191 204 201 184
f 184 197 199 191
f 185 192 195 188
f 194 203 204 191
f 186 196 197 184
f 188 195 190 183
f 196 198 199 197
f 191 199 198 193
f 201 204 203 200
f 200 203 205 202
f 184 201 200 187
f 192 205 203 194
f 185 202 205 192
f 187 200 202 185
f 206 186 189 208
f 209 207 208 189
f 210 206 217 220
f 206 210 215 214
f 207 209 213 211
f 212 210 220 219
f 186 206 214 196
f 209 183 190 213
f 196 214 215 198
f 210 193 198 215
f 217 216 219 220
f 216 218 221 219
f 206 208 216 217
f 211 212 219 221
f 207 211 221 218
f 208 207 218 216
f 188 183 209 189
f 222 213 190 195
f 195 192 194 222
f 194 191 193 222
f 212 222 193 210
f 213 222 212 211
g Hand.R_Circle.003
v -0.732616 0.057318 1.032728
v -0.796559 0.037789 1.229525
v -0.836078 0.057318 1.107898
v -0.732616 0.039242 1.229525
v -0.816319 0.048420 1.168712
v -0.784347 0.058699 1.070313
v -0.732616 0.050436 1.141515
v -0.732616 -0.002112 1.032728
v -0.796559 -0.002112 1.229525
v -0.836078 -0.002112 1.107898
v -0.732616 -0.002112 1.229525
v -0.816319 -0.002112 1.168712
v -0.784347 -0.002112 1.070313
v -0.732616 0.001718 1.322551
v -0.744854 0.001718 1.322551
v -0.732616 -0.002112 1.322551
v -0.744854 -0.002112 1.322551
v -0.876655 0.000200 1.280114
v -0.865905 0.000175 1.281844
v -0.887405 0.000226 1.278385
v -0.876538 -0.002112 1.279279
v -0.865788 -0.002112 1.281008
v -0.887289 -0.002112 1.277549
v -0.668673 0.037789 1.229525
v -0.629154 0.057318 1.107898
v -0.648913 0.048420 1.168712
v -0.680885 0.058699 1.070313
v -0.668673 -0.002112 1.229525
v -0.629154 -0.002112 1.107898
v -0.648913 -0.002112 1.168712
v -0.680885 -0.002112 1.070313
v -0.720378 0.001718 1.322551
v -0.720378 -0.002112 1.322551
v -0.588577 0.000200 1.280114
v -0.599327 0.000175 1.281844
v -0.577827 0.000225 1.278385
v -0.588694 -0.002112 1.279279
v -0.599444 -0.002112 1.281008
v -0.577943 -0.002112 1.277549
v -0.732616 -0.002112 1.141515
s 1
f 224 226 229 227
f 228 225 227 229
f 231 224 241 244
f 224 231 239 237
f 225 228 235 232
f 234 231 244 243
f 226 224 237 236
f 228 223 230 235
f 236 237 239 238
f 231 233 238 239
f 241 240 243 244
f 240 242 245 243
f 224 227 240 241
f 232 234 243 245
f 225 232 245 242
f 227 225 242 240
f 246 248 229 226
f 249 229 248 247
f 250 260 257 246
f 246 254 255 250
f 247 251 253 249
f 252 259 260 250
f 226 236 254 246
f 249 253 230 223
f 236 238 255 254
f 250 255 238 233
f 257 260 259 256
f 256 259 261 258
f 246 257 256 248
f 251 261 259 252
f 247 258 261 251
f 248 256 258 247
f 228 229 249 223
f 262 235 230 253
f 235 262 234 232
f 234 262 233 231
f 252 250 233 262
f 253 251 252 262
g Leg2.R_Cube.011
v -0.890317 0.347303 -0.318656
v -0.889245 0.440342 -0.421564
v -0.839685 0.094635 -0.589494
v -0.839105 0.144965 -0.645163
v -0.755972 0.357579 -0.307965
v -0.754900 0.450618 -0.410873
v -0.724613 0.103436 -0.580337
v -0.724033 0.153766 -0.636006
v -0.872886 0.212189 -0.445644
v -0.902200 0.412582 -0.353279
v -0.871871 0.300241 -0.543035
v -0.844667 0.099687 -0.635568
v -0.777747 0.063457 -0.606033
v -0.777041 0.124734 -0.673810
v -0.713270 0.109737 -0.625111
v -0.732597 0.222920 -0.434480
v -0.731582 0.310971 -0.531871
v -0.748797 0.424316 -0.341072
v -0.827727 0.372352 -0.274864
v -0.826419 0.485779 -0.400323
v -0.898838 0.254191 -0.496445
v -0.774959 0.077680 -0.654737
v -0.705630 0.268969 -0.481070
v -0.831551 0.459254 -0.310347
v -0.802907 0.203143 -0.424122
v -0.801560 0.320017 -0.553393
s 1
f 263 272 283 271
f 272 264 273 283
f 283 273 266 274
f 271 283 274 265
f 265 274 284 275
f 274 266 276 284
f 284 276 270 277
f 275 284 277 269
f 269 277 285 278
f 277 270 279 285
f 285 279 268 280
f 278 285 280 267
f 267 280 286 281
f 280 268 282 286
f 286 282 264 272
f 281 286 272 263
f 265 275 287 271
f 275 269 278 287
f 287 278 267 281
f 271 287 281 263
f 270 276 288 279
f 276 266 273 288
f 288 273 264 282
f 279 288 282 268
g Body.001_Cube.002
v -0.256242 0.590400 1.194148
v -0.256242 1.031988 1.097802
v -0.210796 0.547159 0.626534
v -0.210796 0.947821 0.595960
v 0.256242 0.590400 1.194148
v 0.256242 1.031988 1.097802
v 0.210796 0.547159 0.626534
v 0.210796 0.947821 0.595960
v -0.264563 0.517826 0.850729
v -0.328187 0.795742 1.248218
v -0.264563 1.006287 0.813455
v -0.256989 0.744298 0.565176
v 0.000000 0.500067 0.583813
v 0.000000 0.988528 0.546539
v 0.256989 0.744298 0.565176
v 0.256989 0.517826 0.840125
v 0.256989 1.006287 0.802851
v 0.331217 0.795742 1.252763
v 0.000000 0.549661 1.259731
v 0.000000 1.072727 1.190653
v -0.361503 0.762056 0.832092
v 0.000000 0.737599 0.468491
v 0.353929 0.762056 0.821488
v 0.000000 0.792107 1.331221
v 0.000000 0.425698 0.847155
v 0.000000 1.098415 0.795820
s 1
f 289 298 309 297
f 298 290 299 309
f 309 299 292 300
f 297 309 300 291
f 291 300 310 301
f 300 292 302 310
f 310 302 296 303
f 301 310 303 295
f 295 303 311 304
f 303 296 305 311
f 311 305 294 306
f 304 311 306 293
f 293 306 312 307
f 306 294 308 312
f 312 308 290 298
f 307 312 298 289
f 291 301 313 297
f 301 295 304 313
f 313 304 293 307
f 297 313 307 289
f 296 302 314 305
f 302 292 299 314
f 314 299 290 308
f 305 314 308 294
g Body.002_Cube.014
v -0.158469 0.635102 0.006791
v -0.158469 0.952040 0.006791
v -0.236953 0.607098 -0.468292
v -0.236952 0.976982 -0.472837
v 0.158469 0.635102 0.006791
v 0.158469 0.952040 0.006791
v 0.234428 0.607098 -0.464505
v 0.234428 0.976982 -0.469050
v -0.241964 0.600375 -0.151678
v -0.193195 0.793571 0.041517
v -0.241964 0.986766 -0.151678
v -0.285118 0.794312 -0.574224
v -0.000000 0.594916 -0.581213
v -0.000000 1.019461 -0.573639
v 0.282593 0.794312 -0.571699
v 0.241964 0.600375 -0.151678
v 0.241964 0.986766 -0.151678
v 0.193195 0.793571 0.041517
v 0.000000 0.600375 0.041517
v 0.000000 0.986766 0.041517
v -0.333236 0.793571 -0.151678
v -0.000000 0.803401 -0.708771
v 0.333236 0.793571 -0.151678
v 0.000000 0.793571 0.114393
v 0.000000 0.527499 -0.151678
v 0.000000 1.059642 -0.151678
s 1
f 315 324 335 323
f 324 316 325 335
f 335 325 318 326
f 323 335 326 317
f 317 326 336 327
f 326 318 328 336
f 336 328 322 329
f 327 336 329 321
f 321 329 337 330
f 329 322 331 337
f 337 331 320 332
f 330 337 332 319
f 319 332 338 333
f 332 320 334 338
f 338 334 316 324
f 333 338 324 315
f 317 327 339 323
f 327 321 330 339
f 339 330 319 333
f 323 339 333 315
f 322 328 340 331
f 328 318 325 340
f 340 325 316 334
f 331 340 334 320
f 329 326 336
g Foot.R_Circle.002
v -0.769986 0.057317 -0.669732
v -0.833929 0.037789 -0.472936
v -0.873448 0.057317 -0.594563
v -0.769986 0.039242 -0.472936
v -0.853688 0.048420 -0.533749
v -0.821717 0.058699 -0.632148
v -0.769986 0.050435 -0.560946
v -0.769986 -0.002112 -0.669732
v -0.833929 -0.002112 -0.472936
v -0.873448 -0.002112 -0.594563
v -0.769986 -0.002112 -0.472936
v -0.853689 -0.002112 -0.533749
v -0.821717 -0.002112 -0.632148
v -0.769986 0.001718 -0.379910
v -0.782224 0.001718 -0.379910
v -0.769986 -0.002112 -0.379910
v -0.782224 -0.002112 -0.379910
v -0.914025 0.000200 -0.422347
v -0.903274 0.000175 -0.420617
v -0.924775 0.000225 -0.424076
v -0.913908 -0.002112 -0.423182
v -0.903158 -0.002112 -0.421453
v -0.924658 -0.002112 -0.424912
v -0.706043 0.037789 -0.472936
v -0.666524 0.057317 -0.594563
v -0.686283 0.048420 -0.533749
v -0.718255 0.058699 -0.632148
v -0.706043 -0.002113 -0.472936
v -0.666524 -0.002113 -0.594563
v -0.686283 -0.002113 -0.533749
v -0.718255 -0.002113 -0.632148
v -0.757748 0.001718 -0.379910
v -0.757748 -0.002112 -0.379910
v -0.625947 0.000200 -0.422347
v -0.636697 0.000174 -0.420617
v -0.615197 0.000225 -0.424076
v -0.626064 -0.002113 -0.423182
v -0.636814 -0.002113 -0.421453
v -0.615313 -0.002113 -0.424912
v -0.769986 -0.002112 -0.560946
s 1
f 342 344 347 345
f 346 343 345 347
f 349 342 359 362
f 342 349 357 355
f 343 346 353 350
f 352 349 362 361
f 344 342 355 354
f 346 341 348 353
f 354 355 357 356
f 349 351 356 357
f 359 358 361 362
f 358 360 363 361
f 342 345 358 359
f 350 352 361 363
f 343 350 363 360
f 345 343 360 358
f 364 366 347 344
f 367 347 366 365
f 368 378 375 364
f 364 372 373 368
f 365 369 371 367
f 370 377 378 368
f 344 354 372 364
f 367 371 348 341
f 354 356 373 372
f 368 373 356 351
f 375 378 377 374
f 374 377 379 376
f 364 375 374 366
f 369 379 377 370
f 365 376 379 369
f 366 374 376 365
f 346 347 367 341
f 380 353 348 371
f 353 380 352 350
f 352 380 351 349
f 370 368 351 380
f 371 369 370 380
g Tail1_Cube.004
v -0.115405 0.659564 -0.924000
v -0.115405 0.896477 -0.924000
v -0.098849 0.713940 -1.425333
v -0.098849 0.842100 -1.425333
v 0.115405 0.659564 -0.924000
v 0.115405 0.896477 -0.924000
v 0.098849 0.713940 -1.425333
v 0.098849 0.842100 -1.425333
v -0.120511 0.665913 -1.174667
v -0.131776 0.778020 -0.888441
v -0.120511 0.890126 -1.174667
v -0.112872 0.778020 -1.460893
v -0.000000 0.700002 -1.480263
v -0.000000 0.856038 -1.480263
v 0.112872 0.778020 -1.460893
v 0.120510 0.665913 -1.174667
v 0.120510 0.890126 -1.174667
v 0.131776 0.778020 -0.888441
v -0.000000 0.633605 -0.869070
v -0.000000 0.922435 -0.869070
v -0.165969 0.778020 -1.174667
v -0.000000 0.778020 -1.510216
v 0.165969 0.778020 -1.174667
v -0.000000 0.778020 -0.813988
v -0.000000 0.629217 -1.174667
v -0.000000 0.926823 -1.174667
s 1
f 381 390 401 389
f 390 382 391 401
f 401 391 384 392
f 389 401 392 383
f 383 392 402 393
f 392 384 394 402
f 402 394 388 395
f 393 402 395 387
f 387 395 403 396
f 395 388 397 403
f 403 397 386 398
f 396 403 398 385
f 385 398 404 399
f 398 386 400 404
f 404 400 382 390
f 399 404 390 381
f 383 393 405 389
f 393 387 396 405
f 405 396 385 399
f 389 405 399 381
f 388 394 406 397
f 394 384 391 406
f 406 391 382 400
f 397 406 400 386
g Head_Cube.003
v -0.124470 0.685558 2.172093
v -0.124470 0.829447 2.191932
v -0.224999 0.678787 1.633292
v -0.224999 0.938889 1.669153
v 0.124470 0.685558 2.172093
v 0.124470 0.829447 2.191932
v 0.224999 0.678787 1.633292
v 0.224999 0.938889 1.669153
v -0.202482 0.659414 1.988523
v -0.182518 0.753760 2.209158
v -0.202482 0.893485 2.020795
v -0.288723 0.817457 1.551528
v 0.000000 0.649480 1.525225
v 0.000000 0.986661 1.571713
v 0.288723 0.817457 1.551528
v 0.202482 0.659413 1.988523
v 0.202482 0.893485 2.020795
v 0.182519 0.753760 2.209158
v 0.000000 0.627553 2.197002
v 0.000000 0.878547 2.231607
v -0.325834 0.779641 1.946928
v 0.000000 0.830648 1.430987
v 0.325834 0.779641 1.946928
v 0.000000 0.742078 2.293884
v 0.000000 0.582263 1.921584
v 0.000000 0.979428 1.976342
s 1
f 407 416 427 415
f 416 408 417 427
f 427 417 410 418
f 415 427 418 409
f 409 418 428 419
f 418 410 420 428
f 428 420 414 421
f 419 428 421 413
f 413 421 429 422
f 421 414 423 429
f 429 423 412 424
f 422 429 424 411
f 411 424 430 425
f 424 412 426 430
f 430 426 408 416
f 425 430 416 407
f 409 419 431 415
f 419 413 422 431
f 431 422 411 425
f 415 431 425 407
f 414 420 432 423
f 420 410 417 432
f 432 417 408 426
f 423 432 426 412
g Arm1.R_Cube.012
v 0.359746 0.746531 1.132859
v -0.372158 0.631622 1.025284
v -0.453619 0.801278 1.018311
v -0.739647 0.499400 0.934004
v -0.783714 0.591176 0.930232
v -0.417522 0.617122 1.202472
v -0.498984 0.786778 1.195499
v -0.778504 0.486980 1.085773
v -0.822571 0.578757 1.082001
v -0.546107 0.551429 0.969983
v -0.385162 0.729545 1.016492
v -0.623202 0.711990 0.963384
v -0.783433 0.534103 0.914091
v -0.792143 0.464569 0.999081
v -0.845795 0.576308 0.994488
v -0.827803 0.519921 1.087390
v -0.593479 0.536288 1.155010
v -0.670573 0.696849 1.148411
v -0.436962 0.712988 1.218816
v -0.348055 0.624422 1.125860
v -0.447367 0.831256 1.117359
v -0.575719 0.634565 0.931786
v -0.839614 0.510275 0.990667
v -0.640961 0.613712 1.186608
v -0.359746 0.746531 1.132859
v -0.557175 0.517580 1.063577
v -0.659505 0.730698 1.054817
s 1
f 434 442 454 443
f 443 454 444 435
f 454 445 437 444
f 442 436 445 454
f 436 446 455 445
f 445 455 447 437
f 455 448 441 447
f 446 440 448 455
f 440 449 456 448
f 448 456 450 441
f 456 451 439 450
f 449 438 451 456
f 438 452 457 451
f 451 457 453 439
f 457 443 435 453
f 452 434 443 457
f 436 442 458 446
f 446 458 449 440
f 458 452 438 449
f 442 434 452 458
f 441 450 459 447
f 447 459 444 437
f 459 453 435 444
f 450 439 453 459
g Foot.L_Circle.001
v 0.769985 0.057317 -0.669733
v 0.833928 0.037789 -0.472936
v 0.873447 0.057317 -0.594563
v 0.769985 0.039242 -0.472936
v 0.853688 0.048420 -0.533750
v 0.821716 0.058699 -0.632148
v 0.769985 0.050435 -0.560946
v 0.769985 -0.002112 -0.669733
v 0.833928 -0.002113 -0.472936
v 0.873447 -0.002113 -0.594563
v 0.769985 -0.002113 -0.472936
v 0.853688 -0.002113 -0.533750
v 0.821716 -0.002113 -0.632148
v 0.769985 0.001718 -0.379911
v 0.782223 0.001718 -0.379911
v 0.769985 -0.002113 -0.379911
v 0.782223 -0.002113 -0.379911
v 0.914024 0.000200 -0.422347
v 0.903274 0.000174 -0.420618
v 0.924775 0.000225 -0.424077
v 0.913908 -0.002113 -0.423183
v 0.903157 -0.002113 -0.421453
v 0.924658 -0.002113 -0.424912
v 0.706042 0.037789 -0.472936
v 0.666523 0.057317 -0.594563
v 0.686283 0.048420 -0.533750
v 0.718254 0.058699 -0.632148
v 0.706042 -0.002112 -0.472936
v 0.666523 -0.002112 -0.594563
v 0.686283 -0.002112 -0.533750
v 0.718254 -0.002112 -0.632148
v 0.757748 0.001718 -0.379911
v 0.757748 -0.002112 -0.379911
v 0.625947 0.000200 -0.422347
v 0.636697 0.000175 -0.420618
v 0.615196 0.000225 -0.424077
v 0.626063 -0.002112 -0.423183
v 0.636814 -0.002112 -0.421453
v 0.615313 -0.002112 -0.424912
v 0.769985 -0.002112 -0.560946
s 1
f 461 464 466 463
f 465 466 464 462
f 468 481 478 461
f 461 474 476 468
f 462 469 472 465
f 471 480 481 468
f 463 473 474 461
f 465 472 467 460
f 473 475 476 474
f 468 476 475 470
f 478 481 480 477
f 477 480 482 479
f 461 478 477 464
f 469 482 480 471
f 462 479 482 469
f 464 477 479 462
f 483 463 466 485
f 486 484 485 466
f 487 483 494 497
f 483 487 492 491
f 484 486 490 488
f 489 487 497 496
f 463 483 491 473
f 486 460 467 490
f 473 491 492 475
f 487 470 475 492
f 494 493 496 497
f 493 495 498 496
f 483 485 493 494
f 488 489 496 498
f 484 488 498 495
f 485 484 495 493
f 465 460 486 466
f 499 490 467 472
f 472 469 471 499
f 471 468 470 499
f 489 499 470 487
f 490 499 489 488
g Tail2_Cube.005
v -0.067581 0.708652 -1.728449
v -0.067581 0.847388 -1.728449
v -0.057886 0.740495 -2.100806
v -0.057886 0.815545 -2.100806
v 0.067580 0.708652 -1.728449
v 0.067580 0.847387 -1.728449
v 0.057885 0.740495 -2.100806
v 0.057885 0.815545 -2.100806
v -0.070571 0.712371 -1.914627
v -0.077168 0.778020 -1.702038
v -0.070571 0.843669 -1.914627
v -0.066097 0.778020 -2.127218
v -0.000000 0.732333 -2.141605
v -0.000000 0.823707 -2.141605
v 0.066097 0.778020 -2.127218
v 0.070570 0.712371 -1.914627
v 0.070570 0.843669 -1.914627
v 0.077167 0.778020 -1.702038
v -0.000000 0.693451 -1.687650
v -0.000000 0.862588 -1.687650
v -0.097191 0.778020 -1.914627
v -0.000000 0.778020 -2.163851
v 0.097191 0.778020 -1.914627
v -0.000000 0.778020 -1.646739
v -0.000000 0.690882 -1.914627
v -0.000000 0.865158 -1.914627
s 1
f 500 509 520 508
f 509 501 510 520
f 520 510 503 511
f 508 520 511 502
f 502 511 521 512
f 511 503 513 521
f 521 513 507 514
f 512 521 514 506
f 506 514 522 515
f 514 507 516 522
f 522 516 505 517
f 515 522 517 504
f 504 517 523 518
f 517 505 519 523
f 523 519 501 509
f 518 523 509 500
f 502 512 524 508
f 512 506 515 524
f 524 515 504 518
f 508 524 518 500
f 507 513 525 516
f 513 503 510 525
f 525 510 501 519
f 516 525 519 505
